5.079976e-06
9.528604e-06
1.948301e-05
3.097288e-05
1.911626e-04
6.089175e-04
1.322897e-03
2.374075e-03
2.478110e-03
2.516329e-03
2.098501e-03
8.808478e-04
3.503676e-04
2.099890e-04
1.996621e-04
2.106439e-04
3.912841e-04
4.073211e-04
3.095959e-04
2.820467e-04
1.096906e-04
4.453306e-05
3.536736e-05
2.808591e-05
2.827569e-05
6.933740e-05
1.273669e-04
3.181194e-04
7.792870e-04
8.677465e-04
8.519088e-04
7.221454e-04
3.251100e-04
1.047185e-04
5.643698e-05
3.587385e-05
2.389000e-05
2.505167e-05
4.385248e-05
5.050116e-05
7.068068e-05
8.253231e-05
1.040163e-04
9.372087e-05
7.959186e-05
6.620825e-05
3.791924e-05
5.403073e-05
6.024850e-05
6.284905e-05
4.872997e-05
4.932269e-05
3.536998e-05
2.266042e-05
2.451670e-05
2.062488e-05
1.748375e-05
1.520509e-05
9.758886e-06
2.882328e-05
7.465317e-05
9.330637e-05
1.157932e-04
1.124402e-04
7.930746e-05
9.642491e-05
8.778818e-05
9.622101e-05
1.072301e-04
7.227025e-05
1.486070e-04
2.204432e-04
3.028174e-04
4.043749e-04
4.844884e-04
4.440214e-04
4.089783e-04
2.723099e-04
4.444202e-04
4.373968e-04
2.902613e-04
2.503930e-04
4.732031e-05
1.672693e-05
4.427850e-06
1.115656e-05
2.682067e-05
3.994149e-05
4.891316e-05
4.562947e-05
3.905589e-05
3.723435e-05
3.868500e-05
2.849414e-04
3.205287e-04
3.247157e-04
3.292429e-04
9.281813e-05
1.198980e-04
1.603281e-04
2.767911e-04
3.041843e-04
2.754008e-04
2.483419e-04
2.202025e-04
2.074179e-04
1.987669e-04
2.392115e-04
1.607405e-04
1.014646e-04
9.686868e-05
3.494366e-05
5.170223e-05
6.961516e-05
6.316016e-05
6.149651e-05
8.629213e-05
1.241451e-04
3.588110e-04
6.443847e-04
1.211841e-03
1.730144e-03
1.799099e-03
1.694753e-03
1.957086e-03
1.968236e-03
2.050904e-03
2.026643e-03
1.209586e-03
7.234441e-04
3.916097e-04
1.679031e-04
6.537246e-05
4.776267e-05
4.681803e-05
3.189466e-05
2.775017e-05
1.940524e-05
2.152273e-05
4.005257e-05
4.593412e-05
5.171262e-05
4.766306e-05
3.052422e-05
2.654144e-05
2.944604e-05
7.710611e-05
3.596866e-04
7.825808e-04
9.569879e-04
9.703810e-04
7.754625e-04
4.903909e-04
8.328036e-05
4.350914e-05
1.867423e-05
1.098078e-05
8.159974e-06
1.364873e-06
1.660064e-06
6.492274e-06
1.744985e-05
2.612563e-05
3.458041e-05
5.468430e-05
8.359617e-05
1.593169e-04
4.164224e-04
4.489209e-04
4.373620e-04
4.227796e-04
8.606095e-05
5.338824e-05
3.610685e-05
2.229227e-05
6.344739e-06
2.072204e-06
4.624009e-06
4.426390e-06
5.326203e-06
5.977361e-06
2.960763e-06
3.600270e-06
1.139544e-05
1.145933e-05
1.098003e-05
1.038265e-05
2.367662e-06
2.308072e-06
8.431847e-06
1.393379e-05
1.951695e-05
3.232679e-05
8.329684e-05
1.174670e-04
1.375650e-04
1.418994e-04
1.051908e-04
6.282735e-05
1.602335e-05
6.588795e-06
5.658083e-06
3.504813e-06
4.812657e-06
8.889684e-06
8.855838e-06
2.995153e-05
9.010196e-05
1.524090e-04
1.626408e-04
1.655648e-04
1.442388e-04
5.179191e-05
4.764322e-05
3.630574e-05
1.266016e-05
1.334203e-05
5.348009e-06
1.149289e-05
2.998824e-05
4.166466e-05
5.841440e-05
9.220230e-05
1.200216e-03
8.256702e-03
6.935458e-02
7.090919e-02
7.290370e-02
7.198557e-02
1.779610e-02
9.365512e-03
1.848066e-04
1.282619e-05
9.866387e-06
1.072501e-05
1.246075e-05
4.386382e-05
7.271505e-05
1.080626e-04
1.923443e-04
2.894864e-04
3.875874e-04
4.523336e-04
4.028563e-04
3.567443e-04
2.087568e-04
5.768170e-05
5.201283e-05
1.093109e-05
1.606060e-05
1.625888e-05
8.810611e-05
4.612614e-04
5.563020e-04
6.618381e-04
9.101488e-04
7.063027e-04
6.704259e-04
6.601774e-04
6.785302e-04
4.430714e-04
4.071932e-04
4.114351e-04
2.721792e-04
2.294902e-04
2.459976e-04
1.765245e-04
1.355990e-04
7.859907e-05
1.019125e-05
1.668486e-05
7.482197e-05
3.986285e-04
3.120933e-03
2.619000e-02
2.658199e-02
2.716619e-02
2.676273e-02
9.212329e-03
2.554659e-03
1.246836e-03
1.130128e-03
8.802341e-04
1.238252e-03
1.230400e-03
1.235027e-03
1.372986e-03
5.763467e-04
4.507532e-04
3.733980e-04
2.861635e-04
1.383550e-04
1.100828e-04
1.090222e-04
1.714774e-04
1.344873e-03
3.720813e-03
3.715983e-03
3.701291e-03
3.616836e-03
7.738933e-05
4.728947e-05
1.530508e-04
9.930038e-04
9.847816e-03
4.777245e-02
5.029790e-02
5.240644e-02
5.198552e-02
3.004531e-02
6.881375e-03
7.727920e-04
9.739545e-04
7.561911e-04
1.367393e-03
1.740046e-03
1.945995e-03
2.324779e-03
1.993815e-03
1.457186e-03
1.065952e-03
7.903027e-04
3.513540e-04
3.330241e-04
5.005019e-04
4.344078e-04
5.999085e-04
7.875802e-04
6.198107e-04
4.948784e-04
2.801221e-04
2.198392e-05
1.542178e-05
5.903923e-05
2.281261e-04
9.496340e-04
1.792165e-03
1.930995e-03
2.036727e-03
1.593123e-03
9.822054e-04
6.711136e-04
4.604336e-04
4.155086e-04
2.779712e-04
3.300130e-04
3.195727e-04
3.223282e-04
5.302698e-04
7.812516e-04
7.967792e-04
8.073420e-04
7.894235e-04
1.261686e-03
9.855694e-04
1.111334e-03
1.754835e-03
1.710125e-03
4.567777e-03
1.022072e-02
1.002994e-02
9.864781e-03
9.561717e-03
1.600654e-04
3.871210e-05
1.613726e-05
2.654119e-05
1.510608e-04
5.217752e-04
1.071231e-03
1.868459e-03
2.058472e-03
2.509748e-03
2.644340e-03
2.635729e-03
2.867940e-03
2.611143e-03
2.085527e-03
1.201257e-03
5.132754e-04
1.915079e-04
1.174927e-04
1.188908e-04
1.183136e-04
1.283688e-04
1.365308e-04
1.128049e-04
2.079551e-04
4.514195e-04
4.105941e-03
7.696529e-03
1.102242e-02
1.141857e-02
9.815276e-03
6.060100e-03
2.988146e-03
1.750722e-03
2.232764e-03
2.113480e-03
1.205519e-03
7.347791e-04
2.222521e-04
1.374352e-04
6.563225e-05
4.629759e-05
1.895439e-04
4.625237e-04
9.614923e-04
1.069605e-03
1.155294e-03
1.484951e-03
1.024506e-03
8.955587e-04
9.272756e-04
6.264194e-04
1.317536e-03
4.727733e-03
4.555598e-03
4.589663e-03
4.494843e-03
7.507658e-04
2.453644e-04
3.654403e-05
1.936365e-04
6.790337e-04
8.444519e-04
9.132955e-04
9.057226e-04
4.862317e-04
3.261194e-04
4.471709e-04
6.222492e-04
5.782947e-04
6.120400e-04
5.344190e-04
4.021438e-04
2.580632e-04
1.435027e-04
8.124447e-05
3.500455e-05
2.169796e-05
